,kb1,kb2,kb3,kp1,kp2,kp3,DT1,DT2,DT3
kb1,1.0,0.1705971118105542,0.04325835487369762,-0.1561833863901068,-0.1980971230863574,-0.2753112771647051,-0.08709942641148022,0.21498150120923396,0.033729297590014515
kb2,0.1705971118105542,1.0,-0.080494917195349,0.021940479729780638,-0.0011026150546497367,-0.22340576014860422,-0.0645162453226944,0.041666973462817544,0.3090037399614246
kb3,0.04325835487369762,-0.080494917195349,1.0,-0.03520137096790345,0.07198422126332302,-0.1500749049750778,-0.11154386235931374,-0.12374705609947427,0.16554303780093013
kp1,-0.1561833863901068,0.021940479729780638,-0.03520137096790345,1.0,0.3033772908174838,0.4965246108857617,-0.3492017991124165,0.09736926898110324,0.015572405047572667
kp2,-0.1980971230863574,-0.0011026150546497367,0.07198422126332302,0.3033772908174838,1.0,0.4353804003330641,-0.124532173745962,-0.22305359747907033,-0.0573251595795472
kp3,-0.2753112771647051,-0.22340576014860422,-0.1500749049750778,0.4965246108857617,0.4353804003330641,1.0,-0.04310107646440951,-0.008603688984728651,-0.24887894887404738
DT1,-0.08709942641148022,-0.0645162453226944,-0.11154386235931374,-0.3492017991124165,-0.124532173745962,-0.04310107646440951,1.0,0.005117380034037124,0.005874105641829672
DT2,0.21498150120923396,0.041666973462817544,-0.12374705609947427,0.09736926898110324,-0.22305359747907033,-0.008603688984728651,0.005117380034037124,1.0,-0.004539815496631411
DT3,0.033729297590014515,0.3090037399614246,0.16554303780093013,0.015572405047572667,-0.0573251595795472,-0.24887894887404738,0.005874105641829672,-0.004539815496631411,1.0
